{
 "cells": [
  {
   "cell_type": "code",
   "execution_count": 4,
   "metadata": {},
   "outputs": [
    {
     "name": "stdout",
     "output_type": "stream",
     "text": [
      "[ 0.64497992 -0.68066398 -0.77273038  0.13984243 -1.37449654]\n"
     ]
    }
   ],
   "source": [
    "import numpy as np\n",
    "\n",
    "# random output Vector\n",
    "a = np.random.randn(5)\n",
    "print (a)"
   ]
  },
  {
   "cell_type": "code",
   "execution_count": 7,
   "metadata": {},
   "outputs": [
    {
     "name": "stdout",
     "output_type": "stream",
     "text": [
      "[1.90594876 0.50628072 0.46175059 1.15009256 0.25296692]\n"
     ]
    }
   ],
   "source": [
    "expa  = np.exp(a)\n",
    "print (expa)"
   ]
  },
  {
   "cell_type": "code",
   "execution_count": 9,
   "metadata": {},
   "outputs": [
    {
     "name": "stdout",
     "output_type": "stream",
     "text": [
      "[0.44562337 0.11837176 0.10796033 0.26889921 0.05914533]\n"
     ]
    }
   ],
   "source": [
    "answer = expa / expa.sum()\n",
    "print (answer)"
   ]
  },
  {
   "cell_type": "code",
   "execution_count": 11,
   "metadata": {},
   "outputs": [
    {
     "data": {
      "text/plain": [
       "1.0"
      ]
     },
     "execution_count": 11,
     "metadata": {},
     "output_type": "execute_result"
    }
   ],
   "source": [
    "answer.sum()"
   ]
  },
  {
   "cell_type": "code",
   "execution_count": 13,
   "metadata": {},
   "outputs": [
    {
     "name": "stdout",
     "output_type": "stream",
     "text": [
      "[[ 0.42329024  1.58862264  0.43999696 -0.97347873  0.43050844]\n",
      " [ 0.76894383  2.5057307  -0.33610255 -1.89600118  0.05456103]\n",
      " [ 0.05067017  0.31862943 -0.30237259  0.04037756 -2.15375036]\n",
      " [-0.37542759 -1.00087632  1.12563424 -0.70438969 -1.13397615]\n",
      " [ 1.22861884 -0.38418504 -0.56458698 -0.17946904  0.10609876]\n",
      " [ 0.06423124 -0.88760922  0.23205116  0.2738941  -0.84054781]\n",
      " [-0.62169986  0.11913771  0.23943788 -0.19276351 -0.37660469]\n",
      " [ 2.70864371 -1.77721452  0.45846097  1.09369535  2.44235862]\n",
      " [-1.28619383 -1.96649075 -1.09001253  1.23913642  0.00644223]\n",
      " [-0.84302064  1.10922408  0.86920092 -2.14544177 -0.91902839]\n",
      " [-0.68587252 -1.18373454  0.59563085 -0.95460518  1.3484723 ]\n",
      " [-0.93544946 -0.32897111 -0.66882458  1.59473203 -0.70526353]\n",
      " [-0.30390631 -2.00646772 -0.31429775 -1.36069154 -0.30127228]\n",
      " [ 1.48647433  0.13262232 -0.20351136  0.35299158  0.69502976]\n",
      " [ 0.672678   -0.7273767   0.4975357  -0.22377858  0.08786888]\n",
      " [-0.15796806  1.86268397  0.08524832 -2.02495683  1.75217012]\n",
      " [-1.71272549 -2.03707931  0.7135528   1.11441716  2.03497874]\n",
      " [ 1.69509643  0.15196884  0.52804829  2.30011844 -0.6459427 ]\n",
      " [-0.55086236  0.03585999 -0.60774325 -0.76881027  2.51515238]\n",
      " [-0.01732827  0.55889612  0.50048621  0.02102001  1.93852475]\n",
      " [ 0.19721871 -0.33334428 -1.86421741  0.94421789  1.18345674]\n",
      " [ 1.00742405  0.28145511  0.86402163  0.20606597  0.65857607]\n",
      " [-0.85362131 -2.38902215 -0.35199755 -0.76567797  1.21687457]\n",
      " [-0.14656417  0.12384727 -1.09470799 -0.15224186  0.61592254]\n",
      " [ 1.86736082 -0.14133216 -0.23094719 -0.21023343 -0.5861502 ]\n",
      " [ 0.03976281  1.26427552  0.98867146 -0.89314472  2.05401951]\n",
      " [-2.43232906  1.4975657  -0.06206303  1.44620955  0.16973275]\n",
      " [ 0.09495401 -1.78508202  0.02096123 -0.92843076  0.09013882]\n",
      " [ 1.30758879 -0.61378454  1.59236075  0.14528929  1.77526907]\n",
      " [ 1.5137173   0.2876662  -0.63698237  0.81023864  0.85693807]\n",
      " [ 0.1799202  -0.13072414  0.83596909  0.29950322  0.15975943]\n",
      " [-0.27617699  0.01702969 -0.3797526   0.59233814 -0.00730591]\n",
      " [-0.6403861  -1.2412055  -0.91910496 -0.38017418  0.08235821]\n",
      " [ 1.58263331 -1.35493592 -1.40117402  0.3959345  -0.02165976]\n",
      " [ 0.23818017  0.26132063  0.30906667  0.59503222  0.85459957]\n",
      " [-0.16140567 -0.03597613  1.5056307   1.06286275 -0.30311861]\n",
      " [ 1.60839756 -0.43222152  0.22775543  0.46761725 -0.17708068]\n",
      " [ 1.49484605  0.55000733  0.33899097  1.37118075  0.81731337]\n",
      " [ 0.34160083  1.51455577 -0.28710892  0.64078261  1.07317443]\n",
      " [-0.95282679  0.02662627  0.48192411 -0.89568754  0.14956267]\n",
      " [ 0.22360207  1.02397677 -0.41081206  1.33802627  1.51959894]\n",
      " [-0.20076843 -1.73570177 -0.45463861 -0.85433018 -0.79550028]\n",
      " [ 2.00797756  0.42092638  0.07617006  0.01224301  0.21531311]\n",
      " [-0.08309487  1.52366752  0.34345162 -1.28521101 -0.74442345]\n",
      " [-0.48800819  0.3886049  -0.60499942  0.19009643 -0.69209857]\n",
      " [-0.25479461  0.61589271 -1.10316259  1.91981513  0.30721038]\n",
      " [ 0.92316504 -1.36255257  1.16181438  0.24767187 -0.63957173]\n",
      " [ 1.32295532 -0.0421351  -0.52660496 -0.29403781  0.27057955]\n",
      " [-0.37009003  0.74457074 -1.5952196   2.52562461 -1.32122953]\n",
      " [ 1.21128342  0.29420452 -0.64689061 -1.18744658 -0.09193588]\n",
      " [ 1.3519198   1.54086903 -0.12505971  0.8039008  -1.20728259]\n",
      " [-0.20399249  0.00368942  1.04090171  1.63376483  0.99316022]\n",
      " [ 1.40125838 -1.09159085 -0.46992673 -0.31628223  1.54030501]\n",
      " [ 1.54163507  0.56555456  0.0345033  -1.2554431  -0.31095257]\n",
      " [ 0.45024826  1.95055725 -0.31580616 -0.59207728  0.35925114]\n",
      " [ 0.66239567  0.48372932  1.81629444  1.71765342 -1.18929652]\n",
      " [-0.89458651 -1.10018454 -0.92063267  0.13753129  0.34433162]\n",
      " [ 1.26687278  0.0464062  -0.36314158  0.0998413   0.77453543]\n",
      " [ 0.63759926  0.54831474 -1.12137121  0.83811965  0.10425858]\n",
      " [-1.18954121 -0.42968365  1.30744846 -0.13788245 -1.01090508]\n",
      " [-0.85946842 -0.28501313 -1.73705016  0.75861647  0.56354471]\n",
      " [ 0.17767485 -0.82162836  0.60304747 -0.07260508 -0.29255666]\n",
      " [-0.59122549  0.1332528   0.33198467  0.27558721  1.06554209]\n",
      " [-1.1648035   1.34262607  0.2558997   1.06195093  1.11859112]\n",
      " [-0.34699739  0.5894103   0.2134227  -2.11453393 -0.24808921]\n",
      " [ 0.77793216  2.89840181 -0.025167    0.12045407  0.3548215 ]\n",
      " [ 0.92471565  0.38646213  0.49637256 -1.2791291   0.66771741]\n",
      " [ 0.45734271 -0.61526558  0.52220566 -0.24351023 -0.58937425]\n",
      " [-1.11584276 -0.89519676  0.89261081  0.58794939 -1.40492511]\n",
      " [-0.58981628 -0.856145    2.1744622   0.90466158 -0.34303031]\n",
      " [-0.43686525 -3.47940892  0.40532837 -0.36447429 -0.1535238 ]\n",
      " [ 1.03341847  0.06647986 -0.42471392  1.92265243  0.53207101]\n",
      " [-1.60551054 -0.52291398  0.55016816 -0.92296299  0.77805242]\n",
      " [ 1.29575839  0.09646183 -0.89252975  0.75311243 -0.84754325]\n",
      " [ 0.55834625  0.37959687 -0.2529914   0.73410094  1.22815731]\n",
      " [-1.50749448  0.35036767 -1.04022339 -0.33296882 -0.56276752]\n",
      " [-0.37282667 -0.90286226  0.22061687 -0.09464475 -0.81165514]\n",
      " [ 0.36744519  0.33236728  0.11098882  0.07072232  1.18636793]\n",
      " [-0.05597898 -0.34897167 -0.75837273  1.26916269  0.15003662]\n",
      " [-1.13540984  0.17843855  0.80574819 -0.19568066 -1.79883149]\n",
      " [ 1.16087248 -0.84511597  0.22889218  0.50448083  0.52604683]\n",
      " [-0.68682949  2.65515565 -0.57694436  0.6296523   0.97476336]\n",
      " [ 0.42935383  2.7597079  -0.89570002  0.64541167 -1.16455582]\n",
      " [ 0.47668529 -0.45111129  1.14494338 -0.03526446  1.01451318]\n",
      " [-1.028062   -1.86957812  1.59441759 -0.5549052  -0.14084495]\n",
      " [ 0.57786032 -0.39498776 -0.19884984 -0.37033161  0.62406651]\n",
      " [-0.21638128  0.46258041  1.46764864  0.69693097 -0.72488562]\n",
      " [-3.45156382  0.19364819 -0.29978954 -0.22680577 -0.09805427]\n",
      " [ 0.18630499  0.31851681 -0.19747438 -1.0138535   0.04020338]\n",
      " [ 0.77906353 -0.41049996 -0.02899304  0.64709397 -0.88984661]\n",
      " [-0.42461761  1.87297907 -0.27976069  1.22571399  0.35891327]\n",
      " [-0.94375278 -0.63498462 -1.38453196 -0.31113881 -0.17494582]\n",
      " [ 1.62710033 -0.70396395  0.75449387  1.65573661  1.41344354]\n",
      " [-0.90598483 -0.64506312 -0.93111014  1.32692444 -1.64286848]\n",
      " [-1.99732664 -1.21636813  0.21623569 -0.5400088  -0.43679083]\n",
      " [-0.76773499 -0.09850619 -0.02897751  0.80400642  2.24574769]\n",
      " [ 0.36362265 -1.39912593 -1.3076292  -0.56592492 -1.49186449]\n",
      " [-1.37347022 -0.30322187  0.78526805 -1.54830325  0.68832918]\n",
      " [ 1.66940918 -0.559261    1.12303451  0.17834108  0.30700908]\n",
      " [ 1.1055477   0.11729478  1.03678079  0.41813984  0.32200908]]\n"
     ]
    }
   ],
   "source": [
    "# Random output Matrix A\n",
    "\n",
    "A = np.random.randn(100, 5)\n",
    "print(A)"
   ]
  },
  {
   "cell_type": "code",
   "execution_count": 15,
   "metadata": {},
   "outputs": [
    {
     "name": "stdout",
     "output_type": "stream",
     "text": [
      "[[ 1.52697742  4.89699936  1.55270249  0.3777666   1.53803933]\n",
      " [ 2.15748638 12.25250864  0.71454983  0.15016791  1.05607692]\n",
      " [ 1.05197586  1.37524161  0.73906264  1.04120381  0.11604812]\n",
      " [ 0.68699546  0.3675572   3.08217107  0.49441023  0.32175138]\n",
      " [ 3.41650755  0.6810054   0.56859494  0.83571382  1.11193169]\n",
      " [ 1.06633895  0.41163872  1.26118425  1.31507552  0.43147409]\n",
      " [ 0.53703079  1.12652504  1.27053476  0.82467698  0.68618728]\n",
      " [15.00890535  0.16910854  1.58163792  2.98528538 11.50013322]\n",
      " [ 0.27632051  0.1399471   0.33621228  3.45263055  1.00646303]\n",
      " [ 0.43040845  3.0320049   2.38500428  0.11701633  0.39890643]\n",
      " [ 0.50365059  0.30613333  1.81417505  0.38496411  3.85153703]\n",
      " [ 0.39240945  0.71966381  0.5123104   4.92700861  0.49397838]\n",
      " [ 0.73793     0.1344628   0.73030155  0.25648335  0.73987629]\n",
      " [ 4.42147931  1.14181867  0.81586093  1.42331915  2.00376871]\n",
      " [ 1.95947779  0.48317484  1.64466334  0.79949214  1.09184495]\n",
      " [ 0.85387705  6.44100104  1.08898745  0.13199954  5.76710444]\n",
      " [ 0.18037352  0.13040904  2.04123048  3.04779129  7.65208941]\n",
      " [ 5.44717119  1.16412396  1.69561972  9.97536389  0.52416818]\n",
      " [ 0.57645249  1.03651071  0.54457846  0.46356426 12.36849336]\n",
      " [ 0.982821    1.74874104  1.6495231   1.02124249  6.94849266]\n",
      " [ 1.21801041  0.71652346  0.15501748  2.57080194  3.2656432 ]\n",
      " [ 2.73853757  1.32505652  2.37268359  1.22883426  1.93203929]\n",
      " [ 0.42586993  0.09171933  0.70328185  0.46501855  3.37661785]\n",
      " [ 0.86367031  1.131843    0.33463731  0.85878055  1.85136376]\n",
      " [ 6.47119522  0.86820088  0.79378138  0.81039505  0.55646545]\n",
      " [ 1.04056393  3.54052678  2.68766144  0.40936638  7.79918707]\n",
      " [ 0.08783203  4.47079257  0.93982365  4.24698599  1.18498812]\n",
      " [ 1.09960829  0.1677833   1.02118246  0.39517335  1.09432619]\n",
      " [ 3.69724811  0.54129842  4.91533913  1.15637405  5.90186891]\n",
      " [ 4.54358931  1.33331217  0.528886    2.2484445   2.35593592]\n",
      " [ 1.19712183  0.8774598   2.3070487   1.3491884   1.1732286 ]\n",
      " [ 0.75867864  1.01717552  0.68403061  1.80821133  0.99272071]\n",
      " [ 0.52708887  0.28903558  0.39887589  0.68374231  1.0858447 ]\n",
      " [ 4.86775725  0.25796382  0.24630762  1.48577199  0.97857313]\n",
      " [ 1.26893779  1.29864398  1.36215319  1.81308936  2.35043302]\n",
      " [ 0.8509468   0.96466332  4.50699532  2.8946458   0.7385115 ]\n",
      " [ 4.99480092  0.64906558  1.25577816  1.59618634  0.83771219]\n",
      " [ 4.45865009  1.73326573  1.40353067  3.94000011  2.26440802]\n",
      " [ 1.40719848  4.54740059  0.75042999  1.89796566  2.92464887]\n",
      " [ 0.38564933  1.02698392  1.6191869   0.40832676  1.16132625]\n",
      " [ 1.25057328  2.78424508  0.66311154  3.81151319  4.57039181]\n",
      " [ 0.81810186  0.17627645  0.63467729  0.42556815  0.45135538]\n",
      " [ 7.44823847  1.52337212  1.07914608  1.01231826  1.24025017]\n",
      " [ 0.92026383  4.58902469  1.40980531  0.27659221  0.47500809]\n",
      " [ 0.61384784  1.47492169  0.54607475  1.20936622  0.50052458]\n",
      " [ 0.77507568  1.85130854  0.33182001  6.81969761  1.35962698]\n",
      " [ 2.51724496  0.25600647  3.19572627  1.28103951  0.5275183 ]\n",
      " [ 3.75450076  0.95874025  0.5906067   0.74524832  1.31072386]\n",
      " [ 0.69067215  2.10553743  0.20286397 12.49869958  0.26680705]\n",
      " [ 3.35779135  1.34205835  0.52367155  0.30499906  0.91216363]\n",
      " [ 3.86483812  4.66864571  0.88244421  2.23423927  0.29900871]\n",
      " [ 0.81546849  1.00369623  2.8317693   5.12312613  2.69975282]\n",
      " [ 4.06030616  0.33568205  0.62504807  0.72885372  4.66601321]\n",
      " [ 4.67222342  1.76042377  1.03510544  0.28494956  0.73274863]\n",
      " [ 1.56870159  7.03260542  0.72920079  0.55317699  1.43225645]\n",
      " [ 1.93943302  1.62211252  6.1490306   5.5714393   0.30443535]\n",
      " [ 0.40877659  0.33280966  0.39826699  1.14743761  1.41104648]\n",
      " [ 3.54973439  1.04749982  0.69548796  1.10499554  2.16958396]\n",
      " [ 1.89193338  1.73033449  0.3258327   2.31201548  1.10988741]\n",
      " [ 0.30436087  0.65071492  3.69672932  0.8712011   0.36388948]\n",
      " [ 0.42338709  0.75200438  0.17603892  2.13531989  1.75688913]\n",
      " [ 1.19443689  0.43971506  1.82768011  0.92996802  0.74635296]\n",
      " [ 0.55364838  1.1425388   1.39373148  1.31730399  2.90241192]\n",
      " [ 0.31198396  3.82908575  1.29162317  2.89200759  3.06053923]\n",
      " [ 0.70680717  1.80292491  1.2379078   0.12068953  0.78029033]\n",
      " [ 2.17696598 18.14512278  0.97514705  1.12800893  1.42592611]\n",
      " [ 2.52115126  1.47176465  1.64275146  0.27827955  1.94978168]\n",
      " [ 1.57987022  0.54049733  1.68574172  0.78387146  0.55467426]\n",
      " [ 0.32763904  0.40852721  2.44149561  1.80029293  0.24538543]\n",
      " [ 0.55442914  0.42479652  8.79745256  2.47109551  0.7096167 ]\n",
      " [ 0.64605849  0.03082563  1.4997949   0.69456169  0.85768035]\n",
      " [ 2.81065759  1.06873944  0.65395684  6.83907463  1.70245447]\n",
      " [ 0.20078702  0.59279065  1.73354451  0.39733998  2.1772278 ]\n",
      " [ 3.6537659   1.10126754  0.40961821  2.12359929  0.42846628]\n",
      " [ 1.74777971  1.46169522  0.77647456  2.08360785  3.41493107]\n",
      " [ 0.22146417  1.4195894   0.35337573  0.71679254  0.56963042]\n",
      " [ 0.68878461  0.40540761  1.24684563  0.90969604  0.44412237]\n",
      " [ 1.44404064  1.39426485  1.11738242  1.07328316  3.27516397]\n",
      " [ 0.94555901  0.70541312  0.46842806  3.55787228  1.16187679]\n",
      " [ 0.32129042  1.19534943  2.2383706   0.82227478  0.16549215]\n",
      " [ 3.19271765  0.42950754  1.25720647  1.65612548  1.69222939]\n",
      " [ 0.50316884 14.22720031  0.56161183  1.87695785  2.65053992]\n",
      " [ 1.53626452 15.79522854  0.40832167  1.90677183  0.31206124]\n",
      " [ 1.61072645  0.63691996  3.14226344  0.96535009  2.7580204 ]\n",
      " [ 0.35769951  0.1541887   4.92545961  0.57412669  0.86862398]\n",
      " [ 1.78222097  0.67368828  0.81967296  0.69050531  1.86650279]\n",
      " [ 0.80542815  1.58816682  4.33902053  2.00758192  0.48437997]\n",
      " [ 0.03169603  1.21366923  0.74097415  0.79707558  0.9065997 ]\n",
      " [ 1.20478966  1.37508674  0.82080117  0.36281816  1.04102248]\n",
      " [ 2.17943034  0.66331854  0.97142323  1.9099823   0.41071875]\n",
      " [ 0.65401983  6.50765432  0.75596463  3.40659748  1.43177262]\n",
      " [ 0.38916464  0.52994364  0.25044099  0.73261218  0.83950251]\n",
      " [ 5.08909661  0.49462076  2.12653495  5.23693608  4.11008431]\n",
      " [ 0.40414368  0.52462943  0.39411594  3.76943242  0.19342441]\n",
      " [ 0.13569757  0.29630435  1.24139493  0.58274312  0.64610657]\n",
      " [ 0.46406298  0.90619009  0.97143831  2.23447528  9.4474767 ]\n",
      " [ 1.43853128  0.2468126   0.2704605   0.5678347   0.22495284]\n",
      " [ 0.25322668  0.73843524  2.19299471  0.21260841  1.99038717]\n",
      " [ 5.30903017  0.57163134  3.07416865  1.19523292  1.35935331]\n",
      " [ 3.02087856  1.12445085  2.82012382  1.5191331   1.3798973 ]]\n"
     ]
    }
   ],
   "source": [
    "expA = np.exp(A)\n",
    "print(expA)"
   ]
  },
  {
   "cell_type": "code",
   "execution_count": 18,
   "metadata": {},
   "outputs": [
    {
     "name": "stdout",
     "output_type": "stream",
     "text": [
      "[[0.15435731 0.49502216 0.15695778 0.03818723 0.15547553]\n",
      " [0.13211158 0.75027043 0.04375476 0.00919539 0.06466784]\n",
      " [0.243314   0.3180829  0.17093955 0.2408225  0.02684104]\n",
      " [0.13870611 0.07421072 0.62229809 0.09982267 0.06496241]\n",
      " [0.51657619 0.10296807 0.0859716  0.12635999 0.16812415]\n",
      " [0.23771902 0.09176665 0.2811559  0.29316988 0.09618855]\n",
      " [0.12081805 0.25343903 0.2858375  0.18553101 0.15437441]\n",
      " [0.48036075 0.00541233 0.0506204  0.0955442  0.36806232]\n",
      " [0.05302055 0.02685314 0.06451262 0.66249292 0.19312076]\n",
      " [0.06763876 0.47648007 0.37480382 0.01838914 0.06268821]\n",
      " [0.07341353 0.04462286 0.26443927 0.05611345 0.56141089]\n",
      " [0.05569749 0.10214705 0.07271589 0.69932568 0.0701139 ]\n",
      " [0.28392254 0.05173528 0.28098745 0.09868335 0.28467138]\n",
      " [0.45088395 0.11643789 0.08319808 0.14514413 0.20433595]\n",
      " [0.32774569 0.08081667 0.27508928 0.13372446 0.1826239 ]\n",
      " [0.05978288 0.45095672 0.07624377 0.00924174 0.40377489]\n",
      " [0.01381972 0.00999158 0.15639343 0.23351334 0.58628193]\n",
      " [0.28964382 0.06190026 0.09016162 0.53042257 0.02787173]\n",
      " [0.03845683 0.06914866 0.03633042 0.03092573 0.82513836]\n",
      " [0.07957536 0.14158906 0.13355575 0.08268621 0.56259362]\n",
      " [0.15367284 0.09040169 0.01955811 0.32435063 0.41201674]\n",
      " [0.28534901 0.13806769 0.2472279  0.12804156 0.20131383]\n",
      " [0.08412233 0.01811737 0.13891966 0.09185538 0.66698525]\n",
      " [0.17135313 0.22455888 0.06639241 0.170383   0.36731259]\n",
      " [0.68117572 0.0913892  0.0835556  0.0853044  0.05857508]\n",
      " [0.06723159 0.22875602 0.17365177 0.02644946 0.50391116]\n",
      " [0.00803556 0.40902286 0.08598237 0.38854729 0.10841192]\n",
      " [0.29104999 0.04440975 0.27029184 0.10459652 0.2896519 ]\n",
      " [0.22805445 0.03338849 0.303189   0.07132771 0.36404035]\n",
      " [0.41267212 0.12109826 0.04803614 0.20421528 0.2139782 ]\n",
      " [0.17339421 0.12709354 0.33415888 0.19541992 0.16993345]\n",
      " [0.14421309 0.19334935 0.13002365 0.34371304 0.18870087]\n",
      " [0.1766036  0.09684273 0.13364524 0.22909107 0.36381736]\n",
      " [0.62117471 0.03291877 0.03143133 0.18959943 0.12487576]\n",
      " [0.1567895  0.16045999 0.16830716 0.22402468 0.29041867]\n",
      " [0.08547279 0.09689497 0.45270216 0.29075078 0.0741793 ]\n",
      " [0.53514521 0.06954118 0.13454463 0.17101612 0.08975286]\n",
      " [0.32309399 0.12560029 0.10170619 0.28551026 0.16408927]\n",
      " [0.12207165 0.3944779  0.0650983  0.16464472 0.25370743]\n",
      " [0.08380997 0.2231859  0.35188446 0.08873827 0.2523814 ]\n",
      " [0.09561078 0.21286546 0.05069724 0.29140377 0.34942274]\n",
      " [0.32645997 0.07034235 0.25326519 0.16982111 0.18011139]\n",
      " [0.60538419 0.12381792 0.08771174 0.08228005 0.1008061 ]\n",
      " [0.11997139 0.59825416 0.1837911  0.0360583  0.06192505]\n",
      " [0.14128545 0.33947333 0.12568655 0.27835212 0.11520255]\n",
      " [0.06959135 0.16622256 0.02979297 0.61231694 0.12207618]\n",
      " [0.32365586 0.03291614 0.41089189 0.16471021 0.06782589]\n",
      " [0.51013487 0.13026681 0.08024744 0.10125904 0.17809184]\n",
      " [0.04381164 0.13356127 0.01286834 0.79283428 0.01692446]\n",
      " [0.5213408  0.20837202 0.08130682 0.04735507 0.14162527]\n",
      " [0.32343972 0.39070859 0.0738498  0.18697852 0.02502337]\n",
      " [0.06537444 0.08046427 0.22701714 0.41071051 0.21643365]\n",
      " [0.38981796 0.03222784 0.06000901 0.06997509 0.4479701 ]\n",
      " [0.55061582 0.20746379 0.12198591 0.03358096 0.08635353]\n",
      " [0.13862758 0.62147773 0.06444014 0.04888475 0.1265698 ]\n",
      " [0.1244307  0.10407196 0.39451128 0.35745401 0.01953205]\n",
      " [0.11052983 0.089989   0.10768812 0.31025769 0.38153536]\n",
      " [0.41433517 0.12226718 0.08117935 0.12897825 0.25324006]\n",
      " [0.25670726 0.23478069 0.04421066 0.31370616 0.15059524]\n",
      " [0.05170142 0.11053617 0.62795903 0.1479899  0.06181348]\n",
      " [0.08074298 0.14341268 0.0335719  0.40722096 0.33505148]\n",
      " [0.23246425 0.08557843 0.35570761 0.18099267 0.14525705]\n",
      " [0.07574228 0.15630587 0.19067047 0.18021475 0.39706662]\n",
      " [0.02740249 0.33632017 0.11344717 0.25401376 0.26881641]\n",
      " [0.15204667 0.38784091 0.26629578 0.02596244 0.1678542 ]\n",
      " [0.09127292 0.76076445 0.04088466 0.04729365 0.05978432]\n",
      " [0.32060507 0.18715863 0.20890236 0.03538774 0.24794621]\n",
      " [0.30708963 0.10505998 0.32766856 0.15236619 0.10781564]\n",
      " [0.06272596 0.07821187 0.46742037 0.34466316 0.04697864]\n",
      " [0.04278864 0.03278411 0.67895249 0.19070935 0.0547654 ]\n",
      " [0.17325614 0.00826663 0.40220613 0.18626345 0.23000765]\n",
      " [0.21496618 0.08173989 0.05001627 0.52306966 0.13020801]\n",
      " [0.03935696 0.11619496 0.33979809 0.07788399 0.426766  ]\n",
      " [0.47348708 0.14271192 0.05308193 0.27519465 0.05552442]\n",
      " [0.1842777  0.15411429 0.08186784 0.21968585 0.36005432]\n",
      " [0.06750202 0.43268922 0.10770852 0.21847754 0.1736227 ]\n",
      " [0.18641716 0.10972216 0.33745443 0.24620607 0.12020018]\n",
      " [0.17389417 0.16790007 0.13455735 0.12924683 0.39440158]\n",
      " [0.13825682 0.1031434  0.06849215 0.52022147 0.16988616]\n",
      " [0.06774309 0.25203575 0.47195355 0.1733741  0.03489351]\n",
      " [0.38804089 0.05220208 0.15280008 0.20128445 0.2056725 ]\n",
      " [0.02538759 0.71783928 0.02833636 0.09470268 0.13373409]\n",
      " [0.07697237 0.79139773 0.02045838 0.09553612 0.01563539]\n",
      " [0.17674497 0.06988921 0.34480048 0.10592784 0.3026375 ]\n",
      " [0.05199046 0.02241083 0.71589958 0.08344745 0.12625168]\n",
      " [0.30556251 0.11550413 0.14053327 0.11838742 0.32001267]\n",
      " [0.08731328 0.17216689 0.47037608 0.21763403 0.05250972]\n",
      " [0.00858968 0.32890634 0.2008052  0.21600878 0.24569   ]\n",
      " [0.2507618  0.286207   0.17083943 0.07551603 0.21667573]\n",
      " [0.35525271 0.10812262 0.15834447 0.31133199 0.06694821]\n",
      " [0.05127151 0.51016383 0.05926341 0.26705826 0.11224299]\n",
      " [0.14194469 0.1932927  0.09134635 0.26721443 0.30620183]\n",
      " [0.29835348 0.02899765 0.12467028 0.30702072 0.24095788]\n",
      " [0.07645916 0.09925362 0.07456203 0.7131316  0.03659359]\n",
      " [0.04675604 0.10209483 0.42773586 0.20079036 0.22262291]\n",
      " [0.03309147 0.06461873 0.06927146 0.15933629 0.67368204]\n",
      " [0.52337026 0.08979601 0.09839966 0.20659113 0.08184294]\n",
      " [0.0470013  0.13706067 0.40704088 0.03946216 0.36943498]\n",
      " [0.4612771  0.04966641 0.26710031 0.10384826 0.11810793]\n",
      " [0.30623788 0.11398983 0.28588661 0.15400027 0.13988541]]\n"
     ]
    }
   ],
   "source": [
    "answer  = expA / expA.sum(axis = 1, keepdims = True)\n",
    "print(answer)"
   ]
  },
  {
   "cell_type": "code",
   "execution_count": 21,
   "metadata": {},
   "outputs": [
    {
     "data": {
      "text/plain": [
       "array([1., 1., 1., 1., 1., 1., 1., 1., 1., 1., 1., 1., 1., 1., 1., 1., 1.,\n",
       "       1., 1., 1., 1., 1., 1., 1., 1., 1., 1., 1., 1., 1., 1., 1., 1., 1.,\n",
       "       1., 1., 1., 1., 1., 1., 1., 1., 1., 1., 1., 1., 1., 1., 1., 1., 1.,\n",
       "       1., 1., 1., 1., 1., 1., 1., 1., 1., 1., 1., 1., 1., 1., 1., 1., 1.,\n",
       "       1., 1., 1., 1., 1., 1., 1., 1., 1., 1., 1., 1., 1., 1., 1., 1., 1.,\n",
       "       1., 1., 1., 1., 1., 1., 1., 1., 1., 1., 1., 1., 1., 1., 1.])"
      ]
     },
     "execution_count": 21,
     "metadata": {},
     "output_type": "execute_result"
    }
   ],
   "source": [
    "answer.sum(axis=1, dtype = float)"
   ]
  },
  {
   "cell_type": "code",
   "execution_count": null,
   "metadata": {},
   "outputs": [],
   "source": []
  }
 ],
 "metadata": {
  "kernelspec": {
   "display_name": "Python 3",
   "language": "python",
   "name": "python3"
  },
  "language_info": {
   "codemirror_mode": {
    "name": "ipython",
    "version": 3
   },
   "file_extension": ".py",
   "mimetype": "text/x-python",
   "name": "python",
   "nbconvert_exporter": "python",
   "pygments_lexer": "ipython3",
   "version": "3.7.1"
  }
 },
 "nbformat": 4,
 "nbformat_minor": 2
}
